CPLEX 12.8.0.0: optimal integer solution; objective 90.47
1714152069 MIP simplex iterations
53440449 branch-and-bound nodes
ampl: display x;
x [*,*] (tr)
:   A1 A10 A11 A12 A13 A14 A15 A16 A17 A18 A19  A2 A20 A21 A22 A23  A3  A4  A5 :=
0    0   0   0   0   0   0   0   0   0   0   0   0   0   0   0   0   0   0   0
1    0   0   0   0   0   0   0   0   0   0   0   0   0   0   0   0   1   0   0
2    0   0   0   0   0   0   0   0   0   0   0   0   0   0   0   0   0   0   0
3    0   0   0   0   0   0   0   0   0   0   0   0   0   0   0   0   0   0   0
4    0   0   0   0   0   0   0   0   0   0   0   0   0   0   0   0   0   0   0
5    0   0   0   0   0   0   0   0   0   0   1   0   0   0   0   0   0   0   0
6    0   0   0   0   0   0   0   0   0   0   0   0   0   0   0   0   0   0   0
7    0   0   0   0   0   0   0   0   0   0   0   0   0   0   0   0   0   0   0
8    0   0   0   0   0   0   0   0   0   0   0   0   0   0   0   1   0   0   0
9    0   0   0   0   0   0   0   0   0   0   0   0   0   0   0   0   0   0   0
10   0   0   0   0   0   0   0   0   0   0   0   0   0   0   0   0   0   0   0
11   0   0   0   0   0   0   0   0   0   0   0   0   0   0   0   0   0   0   0
12   0   0   0   0   0   0   0   0   0   0   0   0   0   0   0   0   0   0   0
13   0   0   0   0   0   0   0   0   0   0   0   0   0   0   0   0   0   0   0
14   0   0   0   0   0   0   0   0   0   0   0   0   0   0   0   0   0   0   0
15   0   0   0   0   0   0   0   0   0   0   0   0   0   0   0   0   0   0   0
16   0   0   0   0   0   0   0   0   0   0   0   0   0   1   0   0   0   0   0
17   0   0   0   0   0   0   0   0   0   0   0   0   0   0   0   0   0   0   0
18   0   0   0   0   0   0   0   0   0   0   0   0   0   0   0   0   0   0   0
19   0   0   0   0   0   0   0   0   0   0   0   0   0   0   0   0   0   0   0
20   0   0   0   0   0   0   0   0   0   0   0   0   0   0   1   0   0   0   0
21   0   0   0   0   0   0   0   0   0   0   0   0   0   0   0   0   0   0   0
22   0   0   0   0   0   0   0   0   0   0   0   0   0   0   0   0   0   0   0
23   0   0   0   0   0   0   0   0   0   0   0   0   0   0   0   0   0   0   0
24   0   0   0   0   0   0   0   0   0   0   0   0   0   0   0   0   0   0   0
25   0   0   0   0   0   0   0   0   0   0   0   0   0   0   0   0   0   0   0
26   0   0   0   0   0   0   0   0   0   0   0   0   0   0   0   0   0   0   0
27   0   0   0   0   0   0   0   0   0   0   0   0   0   0   0   0   0   0   0
28   0   0   0   0   0   0   0   0   0   0   0   0   0   0   0   0   0   0   0
29   0   0   0   0   0   0   1   0   0   0   0   0   0   0   0   0   0   0   0
30   0   0   0   0   0   0   0   0   0   0   0   0   0   0   0   0   0   0   0
31   0   0   0   0   0   0   0   0   0   0   0   0   0   0   0   0   0   0   0
32   0   0   0   0   0   0   0   0   0   0   0   0   0   0   0   0   0   0   0
33   0   0   0   0   0   0   0   0   0   0   0   0   0   0   0   0   0   0   0
34   0   0   0   0   0   0   0   0   0   0   0   0   0   0   0   0   0   0   0
35   0   0   0   0   0   0   0   0   0   0   0   0   0   0   0   0   0   0   0
36   0   0   0   0   0   0   0   0   0   0   0   0   0   0   0   0   0   0   0
37   0   0   0   0   0   0   0   0   0   0   0   0   0   0   0   0   0   0   0
38   0   0   0   0   0   0   0   0   0   0   0   0   0   0   0   0   0   0   0
39   0   0   0   0   0   0   0   0   0   0   0   0   0   0   0   0   0   0   0
40   0   0   0   0   0   0   0   0   0   0   0   0   0   0   0   0   0   0   0
41   0   0   0   0   0   0   0   0   1   0   0   0   0   0   0   0   0   0   0
42   0   0   0   0   0   0   0   0   0   0   0   0   0   0   0   0   0   0   0
43   0   0   0   0   0   0   0   0   0   1   0   0   0   0   0   0   0   0   0
44   0   0   0   0   0   0   0   0   0   0   0   0   0   0   0   0   0   0   0
45   0   0   0   0   0   0   0   0   0   0   0   0   0   0   0   0   0   0   0
46   0   0   0   0   0   0   0   0   0   0   0   0   0   0   0   0   0   0   0
47   0   0   0   0   0   0   0   0   0   0   0   0   0   0   0   0   0   0   0
48   0   0   0   0   0   0   0   0   0   0   0   0   0   0   0   0   0   0   0

:   A6  A7  A8  A9  D1 D10  D2  D3  D4  D5  D6  D7  D8  D9  H1    :=
0    0   0   0   0   0   0   0   0   0   0   0   0   0   0   1
1    0   0   0   0   0   0   0   0   0   0   0   0   0   0   0
2    0   0   0   0   0   0   0   0   0   0   0   0   0   0   0
3    0   0   0   0   0   0   0   0   0   0   0   0   0   0   0
4    0   0   0   0   0   0   0   0   0   0   0   0   0   0   0
5    0   0   0   0   0   0   0   0   0   0   0   0   0   0   0
6    0   0   0   0   0   0   0   0   0   0   0   0   0   0   0
7    0   0   0   0   0   0   0   0   0   0   0   0   0   0   0
8    0   0   0   0   0   0   0   0   0   0   0   0   0   0   0
9    0   0   0   0   0   0   0   0   0   0   0   0   0   0   0
10   0   0   0   0   0   0   0   0   0   0   0   0   0   0   0
11   0   0   0   0   0   0   0   0   0   0   0   0   0   0   0
12   0   0   0   0   0   1   0   0   0   0   0   0   0   0   0
13   0   0   0   0   0   0   0   0   0   0   0   0   0   0   0
14   0   0   0   0   0   0   0   0   0   0   0   0   0   0   0
15   0   0   0   0   0   0   0   0   0   0   0   0   0   0   0
16   0   0   0   0   0   0   0   0   0   0   0   0   0   0   0
17   0   0   0   0   0   0   0   0   0   0   0   0   0   0   0
18   0   0   0   0   0   0   0   0   0   0   0   0   0   0   0
19   0   0   0   0   0   0   0   0   0   0   0   0   0   0   0
20   0   0   0   0   0   0   0   0   0   0   0   0   0   0   0
21   0   0   0   0   0   0   0   0   0   0   0   0   0   0   0
22   0   0   0   0   0   0   0   0   0   0   0   0   0   0   0
23   0   0   0   0   0   0   0   0   0   0   0   0   0   0   0
24   0   0   0   0   0   0   0   0   0   0   0   0   0   0   0
25   0   0   0   0   0   0   0   0   0   0   0   0   0   0   0
26   0   0   0   0   0   0   0   0   0   0   0   0   0   0   0
27   0   0   0   0   0   0   0   0   0   0   0   0   0   0   0
28   0   0   0   0   0   0   0   0   0   0   0   0   0   0   0
29   0   0   0   0   0   0   0   0   0   0   0   0   0   0   0
30   0   0   0   0   0   0   0   0   0   0   0   0   0   0   0
31   0   0   0   0   0   0   0   0   0   0   0   0   0   0   0
32   0   0   0   0   0   0   0   0   0   0   0   0   0   0   0
33   0   0   0   0   0   0   0   0   0   0   0   0   0   0   0
34   0   0   0   0   0   0   0   0   0   0   0   0   0   0   0
35   0   0   0   0   0   0   0   0   0   0   0   0   0   0   0
36   0   0   0   0   0   0   0   0   0   0   0   0   0   1   0
37   0   0   0   0   0   0   0   0   0   0   0   0   0   0   0
38   0   0   0   0   0   0   0   0   0   0   0   0   0   0   0
39   0   0   0   0   0   0   0   0   0   0   0   0   0   0   0
40   0   0   0   0   0   0   0   0   0   0   0   0   0   0   0
41   0   0   0   0   0   0   0   0   0   0   0   0   0   0   0
42   0   0   0   0   0   0   0   0   0   0   0   0   0   0   0
43   0   0   0   0   0   0   0   0   0   0   0   0   0   0   0
44   0   0   0   0   0   0   0   0   0   0   0   0   0   0   0
45   0   0   0   0   0   0   0   0   0   0   0   0   0   0   0
46   0   0   0   0   0   0   0   0   0   0   0   0   0   0   0
47   0   0   0   0   0   0   0   0   0   0   0   0   0   0   0
48   0   0   0   0   0   0   0   0   0   0   0   0   0   0   1
;

ampl: display e;
e [*,*]
:    A1 A10 A11 A12 A13 A14 A15 A16 A17 A18 A19  A2 A20 A21 A22 A23  A3  A4  A5 :=
A1    0   0   0   0   0   0   0   0   0   0   0   0   0   0   0   0   0   0   0
A10   0   0   0   0   0   0   0   0   0   0   0   0   0   0   0   0   0   0   0
A11   0   0   0   0   0   0   0   0   0   0   0   0   0   0   0   0   0   0   0
A12   0   0   0   0   0   0   0   0   0   0   0   0   0   0   0   0   0   0   0
A13   0   0   0   0   0   0   0   0   0   0   0   0   0   0   0   0   0   0   0
A14   0   0   0   0   0   0   0   0   0   0   0   0   0   0   0   0   0   0   0
A15   0   0   0   0   0   0   0   0   0   0   0   0   0   0   0   0   0   0   0
A16   0   0   0   0   0   0   0   0   0   0   0   0   0   0   0   0   0   0   0
A17   0   0   0   0   0   0   0   0   0   1   0   0   0   0   0   0   0   0   0
A18   0   0   0   0   0   0   0   0   0   0   0   0   0   0   0   0   0   0   0
A19   0   0   0   0   0   0   0   0   0   0   0   0   0   0   0   1   0   0   0
A2    0   0   0   0   0   0   0   0   0   0   0   0   0   0   0   0   0   0   0
A20   0   0   0   0   0   0   0   0   0   0   0   0   0   0   0   0   0   0   0
A21   0   0   0   0   0   0   0   0   0   0   0   0   0   0   1   0   0   0   0
A22   0   0   0   0   0   0   1   0   0   0   0   0   0   0   0   0   0   0   0
A23   0   0   0   0   0   0   0   0   0   0   0   0   0   0   0   0   0   0   0
A3    0   0   0   0   0   0   0   0   0   0   1   0   0   0   0   0   0   0   0
A4    0   0   0   0   0   0   0   0   0   0   0   0   0   0   0   0   0   0   0
A5    0   0   0   0   0   0   0   0   0   0   0   0   0   0   0   0   0   0   0
A6    0   0   0   0   0   0   0   0   0   0   0   0   0   0   0   0   0   0   0
A7    0   0   0   0   0   0   0   0   0   0   0   0   0   0   0   0   0   0   0
A8    0   0   0   0   0   0   0   0   0   0   0   0   0   0   0   0   0   0   0
A9    0   0   0   0   0   0   0   0   0   0   0   0   0   0   0   0   0   0   0
D1    0   0   0   0   0   0   0   0   0   0   0   0   0   0   0   0   0   0   0
D10   0   0   0   0   0   0   0   0   0   0   0   0   0   1   0   0   0   0   0
D2    0   0   0   0   0   0   0   0   0   0   0   0   0   0   0   0   0   0   0
D3    0   0   0   0   0   0   0   0   0   0   0   0   0   0   0   0   0   0   0
D4    0   0   0   0   0   0   0   0   0   0   0   0   0   0   0   0   0   0   0
D5    0   0   0   0   0   0   0   0   0   0   0   0   0   0   0   0   0   0   0
D6    0   0   0   0   0   0   0   0   0   0   0   0   0   0   0   0   0   0   0
D7    0   0   0   0   0   0   0   0   0   0   0   0   0   0   0   0   0   0   0
D8    0   0   0   0   0   0   0   0   0   0   0   0   0   0   0   0   0   0   0
D9    0   0   0   0   0   0   0   0   1   0   0   0   0   0   0   0   0   0   0
H1    0   0   0   0   0   0   0   0   0   0   0   0   0   0   0   0   1   0   0

:    A6  A7  A8  A9  D1 D10  D2  D3  D4  D5  D6  D7  D8  D9  H1    :=
A1    0   0   0   0   0   0   0   0   0   0   0   0   0   0   0
A10   0   0   0   0   0   0   0   0   0   0   0   0   0   0   0
A11   0   0   0   0   0   0   0   0   0   0   0   0   0   0   0
A12   0   0   0   0   0   0   0   0   0   0   0   0   0   0   0
A13   0   0   0   0   0   0   0   0   0   0   0   0   0   0   0
A14   0   0   0   0   0   0   0   0   0   0   0   0   0   0   0
A15   0   0   0   0   0   0   0   0   0   0   0   0   0   1   0
A16   0   0   0   0   0   0   0   0   0   0   0   0   0   0   0
A17   0   0   0   0   0   0   0   0   0   0   0   0   0   0   0
A18   0   0   0   0   0   0   0   0   0   0   0   0   0   0   1
A19   0   0   0   0   0   0   0   0   0   0   0   0   0   0   0
A2    0   0   0   0   0   0   0   0   0   0   0   0   0   0   0
A20   0   0   0   0   0   0   0   0   0   0   0   0   0   0   0
A21   0   0   0   0   0   0   0   0   0   0   0   0   0   0   0
A22   0   0   0   0   0   0   0   0   0   0   0   0   0   0   0
A23   0   0   0   0   0   1   0   0   0   0   0   0   0   0   0
A3    0   0   0   0   0   0   0   0   0   0   0   0   0   0   0
A4    0   0   0   0   0   0   0   0   0   0   0   0   0   0   0
A5    0   0   0   0   0   0   0   0   0   0   0   0   0   0   0
A6    0   0   0   0   0   0   0   0   0   0   0   0   0   0   0
A7    0   0   0   0   0   0   0   0   0   0   0   0   0   0   0
A8    0   0   0   0   0   0   0   0   0   0   0   0   0   0   0
A9    0   0   0   0   0   0   0   0   0   0   0   0   0   0   0
D1    0   0   0   0   0   0   0   0   0   0   0   0   0   0   0
D10   0   0   0   0   0   0   0   0   0   0   0   0   0   0   0
D2    0   0   0   0   0   0   0   0   0   0   0   0   0   0   0
D3    0   0   0   0   0   0   0   0   0   0   0   0   0   0   0
D4    0   0   0   0   0   0   0   0   0   0   0   0   0   0   0
D5    0   0   0   0   0   0   0   0   0   0   0   0   0   0   0
D6    0   0   0   0   0   0   0   0   0   0   0   0   0   0   0
D7    0   0   0   0   0   0   0   0   0   0   0   0   0   0   0
D8    0   0   0   0   0   0   0   0   0   0   0   0   0   0   0
D9    0   0   0   0   0   0   0   0   0   0   0   0   0   0   0
H1    0   0   0   0   0   0   0   0   0   0   0   0   0   0   0
;